Blocksize,Nur BWT,BTW+Huffman,BWT+MTF,BTW+MTF+Huffman
2000,768771,438690,768771,389976
4000,768771,438690,768771,371097
6000,768771,438690,768771,361199
8000,768771,438690,768771,354475
10000,768771,438690,768771,348983
12000,768771,438690,768771,344096
14000,768771,438690,768771,339542
16000,768771,438690,768771,336305
18000,768771,438690,768771,333165
20000,768771,438690,768771,330801
22000,768771,438690,768771,327886
24000,768771,438690,768771,325971
26000,768771,438690,768771,324079
28000,768771,438690,768771,322543
30000,768771,438690,768771,320473
32000,768771,438690,768771,318986
34000,768771,438690,768771,318031
36000,768771,438690,768771,316740
38000,768771,438690,768771,315537
40000,768771,438690,768771,314628
42000,768771,438690,768771,313274
44000,768771,438690,768771,312302
46000,768771,438690,768771,311489
48000,768771,438690,768771,310287
50000,768771,438690,768771,309592
52000,768771,438690,768771,308734
54000,768771,438690,768771,308317
56000,768771,438690,768771,307024
58000,768771,438690,768771,306897
60000,768771,438690,768771,305890
62000,768771,438690,768771,305596
64000,768771,438690,768771,304257
66000,768771,438690,768771,304124
68000,768771,438690,768771,303693
70000,768771,438690,768771,302107
72000,768771,438690,768771,302199
74000,768771,438690,768771,301961
76000,768771,438690,768771,301356
78000,768771,438690,768771,300347
80000,768771,438690,768771,300433
82000,768771,438690,768771,300088
84000,768771,438690,768771,299542
86000,768771,438690,768771,298713
88000,768771,438690,768771,298483
90000,768771,438690,768771,298380
92000,768771,438690,768771,298250
94000,768771,438690,768771,297738
96000,768771,438690,768771,296520
98000,768771,438690,768771,296209
100000,768771,438690,768771,296269
102000,768771,438690,768771,296156
104000,768771,438690,768771,296037
106000,768771,438690,768771,295602
108000,768771,438690,768771,295189
110000,768771,438690,768771,293989
112000,768771,438690,768771,294042
114000,768771,438690,768771,294113
116000,768771,438690,768771,294079
118000,768771,438690,768771,294035
120000,768771,438690,768771,293904
122000,768771,438690,768771,293610
124000,768771,438690,768771,293237
126000,768771,438690,768771,292715
128000,768771,438690,768771,291808
130000,768771,438690,768771,291637
132000,768771,438690,768771,291531
134000,768771,438690,768771,291513
136000,768771,438690,768771,291517
138000,768771,438690,768771,291433
140000,768771,438690,768771,291316
142000,768771,438690,768771,291214
144000,768771,438690,768771,291072
146000,768771,438690,768771,290795
148000,768771,438690,768771,290437
150000,768771,438690,768771,289910
152000,768771,438690,768771,289399
154000,768771,438690,768771,288411
156000,768771,438690,768771,288481
158000,768771,438690,768771,288410
160000,768771,438690,768771,288340
162000,768771,438690,768771,288404
164000,768771,438690,768771,288311
166000,768771,438690,768771,288265
168000,768771,438690,768771,288221
170000,768771,438690,768771,288268
172000,768771,438690,768771,288176
174000,768771,438690,768771,288087
176000,768771,438690,768771,287904
178000,768771,438690,768771,287916
180000,768771,438690,768771,287648
182000,768771,438690,768771,287450
184000,768771,438690,768771,287180
186000,768771,438690,768771,286912
188000,768771,438690,768771,286593
190000,768771,438690,768771,286124
192000,768771,438690,768771,285241
194000,768771,438690,768771,285026
196000,768771,438690,768771,284993
198000,768771,438690,768771,285001
200000,768771,438690,768771,285035
202000,768771,438690,768771,284952
204000,768771,438690,768771,284906
206000,768771,438690,768771,284839
208000,768771,438690,768771,284763
210000,768771,438690,768771,284658
212000,768771,438690,768771,284636
214000,768771,438690,768771,284547
216000,768771,438690,768771,284522
218000,768771,438690,768771,284472
220000,768771,438690,768771,284394
222000,768771,438690,768771,284322
224000,768771,438690,768771,284183
226000,768771,438690,768771,284184
228000,768771,438690,768771,284054
230000,768771,438690,768771,284038
232000,768771,438690,768771,283970
234000,768771,438690,768771,283880
236000,768771,438690,768771,283853
238000,768771,438690,768771,283757
240000,768771,438690,768771,283584
242000,768771,438690,768771,283368
244000,768771,438690,768771,283155
246000,768771,438690,768771,282883
248000,768771,438690,768771,282643
250000,768771,438690,768771,282376
252000,768771,438690,768771,282103
254000,768771,438690,768771,281689
256000,768771,438690,768771,281049
258000,768771,438690,768771,280778
260000,768771,438690,768771,280807
262000,768771,438690,768771,280836
264000,768771,438690,768771,280831
266000,768771,438690,768771,280875
268000,768771,438690,768771,280844
270000,768771,438690,768771,280837
272000,768771,438690,768771,280810
274000,768771,438690,768771,280748
276000,768771,438690,768771,280755
278000,768771,438690,768771,280738
280000,768771,438690,768771,280732
282000,768771,438690,768771,280731
284000,768771,438690,768771,280663
286000,768771,438690,768771,280608
288000,768771,438690,768771,280570
290000,768771,438690,768771,280491
292000,768771,438690,768771,280459
294000,768771,438690,768771,280448
296000,768771,438690,768771,280413
298000,768771,438690,768771,280434
300000,768771,438690,768771,280407
302000,768771,438690,768771,280334
304000,768771,438690,768771,280305
306000,768771,438690,768771,280232
308000,768771,438690,768771,280151
310000,768771,438690,768771,280114
312000,768771,438690,768771,280068
314000,768771,438690,768771,279990
316000,768771,438690,768771,279941
318000,768771,438690,768771,279907
320000,768771,438690,768771,279866
322000,768771,438690,768771,279827
324000,768771,438690,768771,279802
326000,768771,438690,768771,279730
328000,768771,438690,768771,279662
330000,768771,438690,768771,279623
332000,768771,438690,768771,279525
334000,768771,438690,768771,279435
336000,768771,438690,768771,279391
338000,768771,438690,768771,279341
340000,768771,438690,768771,279260
342000,768771,438690,768771,279184
344000,768771,438690,768771,279126
346000,768771,438690,768771,279057
348000,768771,438690,768771,279008
350000,768771,438690,768771,278883
352000,768771,438690,768771,278802
354000,768771,438690,768771,278748
356000,768771,438690,768771,278702
358000,768771,438690,768771,278569
360000,768771,438690,768771,278409
362000,768771,438690,768771,278316
364000,768771,438690,768771,278151
366000,768771,438690,768771,278023
368000,768771,438690,768771,277845
370000,768771,438690,768771,277665
372000,768771,438690,768771,277441
374000,768771,438690,768771,277269
376000,768771,438690,768771,277022
378000,768771,438690,768771,276808
380000,768771,438690,768771,276532
382000,768771,438690,768771,276147
384000,768771,438690,768771,275625
386000,768771,438690,768771,275424
388000,768771,438690,768771,275431
390000,768771,438690,768771,275431
392000,768771,438690,768771,275422
394000,768771,438690,768771,275429
396000,768771,438690,768771,275438
398000,768771,438690,768771,275446
400000,768771,438690,768771,275449
402000,768771,438690,768771,275447
404000,768771,438690,768771,275435
406000,768771,438690,768771,275455
408000,768771,438690,768771,275469
410000,768771,438690,768771,275462
412000,768771,438690,768771,275435
414000,768771,438690,768771,275421
416000,768771,438690,768771,275371
418000,768771,438690,768771,275342
420000,768771,438690,768771,275314
422000,768771,438690,768771,275276
424000,768771,438690,768771,275233
426000,768771,438690,768771,275226
428000,768771,438690,768771,275235
430000,768771,438690,768771,275262
432000,768771,438690,768771,275241
434000,768771,438690,768771,275248
436000,768771,438690,768771,275241
438000,768771,438690,768771,275230
440000,768771,438690,768771,275227
442000,768771,438690,768771,275222
444000,768771,438690,768771,275220
446000,768771,438690,768771,275202
448000,768771,438690,768771,275199
450000,768771,438690,768771,275197
452000,768771,438690,768771,275205
454000,768771,438690,768771,275176
456000,768771,438690,768771,275163
458000,768771,438690,768771,275132
460000,768771,438690,768771,275124
462000,768771,438690,768771,275118
464000,768771,438690,768771,275068
466000,768771,438690,768771,275067
468000,768771,438690,768771,275061
470000,768771,438690,768771,275045
472000,768771,438690,768771,275028
474000,768771,438690,768771,275024
476000,768771,438690,768771,275007
478000,768771,438690,768771,274986
480000,768771,438690,768771,274979
482000,768771,438690,768771,274941
484000,768771,438690,768771,274934
486000,768771,438690,768771,274942
488000,768771,438690,768771,274907
490000,768771,438690,768771,274903
492000,768771,438690,768771,274908
494000,768771,438690,768771,274929
496000,768771,438690,768771,274913
498000,768771,438690,768771,274929
500000,768771,438690,768771,274911
502000,768771,438690,768771,274896
504000,768771,438690,768771,274877
506000,768771,438690,768771,274870
508000,768771,438690,768771,274838
510000,768771,438690,768771,274853
512000,768771,438690,768771,274844
514000,768771,438690,768771,274831
516000,768771,438690,768771,274824
518000,768771,438690,768771,274821
520000,768771,438690,768771,274811
522000,768771,438690,768771,274802
524000,768771,438690,768771,274798
526000,768771,438690,768771,274776
528000,768771,438690,768771,274749
530000,768771,438690,768771,274739
532000,768771,438690,768771,274755
534000,768771,438690,768771,274740
536000,768771,438690,768771,274702
538000,768771,438690,768771,274705
540000,768771,438690,768771,274661
542000,768771,438690,768771,274617
544000,768771,438690,768771,274618
546000,768771,438690,768771,274574
548000,768771,438690,768771,274523
550000,768771,438690,768771,274516
552000,768771,438690,768771,274519
554000,768771,438690,768771,274489
556000,768771,438690,768771,274460
558000,768771,438690,768771,274465
560000,768771,438690,768771,274459
562000,768771,438690,768771,274448
564000,768771,438690,768771,274447
566000,768771,438690,768771,274424
568000,768771,438690,768771,274386
570000,768771,438690,768771,274341
572000,768771,438690,768771,274303
574000,768771,438690,768771,274254
576000,768771,438690,768771,274208
578000,768771,438690,768771,274158
580000,768771,438690,768771,274122
582000,768771,438690,768771,274117
584000,768771,438690,768771,274073
586000,768771,438690,768771,274049
588000,768771,438690,768771,274018
590000,768771,438690,768771,273979
592000,768771,438690,768771,273964
594000,768771,438690,768771,273934
596000,768771,438690,768771,273900
598000,768771,438690,768771,273851
600000,768771,438690,768771,273798
602000,768771,438690,768771,273763
604000,768771,438690,768771,273723
606000,768771,438690,768771,273672
608000,768771,438690,768771,273620
610000,768771,438690,768771,273568
612000,768771,438690,768771,273497
614000,768771,438690,768771,273450
616000,768771,438690,768771,273395
618000,768771,438690,768771,273357
620000,768771,438690,768771,273313
622000,768771,438690,768771,273273
624000,768771,438690,768771,273207
626000,768771,438690,768771,273147
628000,768771,438690,768771,273110
630000,768771,438690,768771,273044
632000,768771,438690,768771,273019
634000,768771,438690,768771,272996
636000,768771,438690,768771,272986
638000,768771,438690,768771,272924
640000,768771,438690,768771,272870
642000,768771,438690,768771,272826
644000,768771,438690,768771,272774
646000,768771,438690,768771,272739
648000,768771,438690,768771,272732
650000,768771,438690,768771,272713
652000,768771,438690,768771,272640
654000,768771,438690,768771,272581
656000,768771,438690,768771,272537
658000,768771,438690,768771,272464
660000,768771,438690,768771,272420
662000,768771,438690,768771,272358
664000,768771,438690,768771,272302
666000,768771,438690,768771,272246
668000,768771,438690,768771,272191
670000,768771,438690,768771,272139
672000,768771,438690,768771,272115
674000,768771,438690,768771,272065
676000,768771,438690,768771,272036
678000,768771,438690,768771,271973
680000,768771,438690,768771,271934
682000,768771,438690,768771,271888
684000,768771,438690,768771,271809
686000,768771,438690,768771,271755
688000,768771,438690,768771,271733
690000,768771,438690,768771,271685
692000,768771,438690,768771,271629
694000,768771,438690,768771,271586
696000,768771,438690,768771,271552
698000,768771,438690,768771,271495
700000,768771,438690,768771,271421
702000,768771,438690,768771,271347
704000,768771,438690,768771,271289
706000,768771,438690,768771,271254
708000,768771,438690,768771,271219
710000,768771,438690,768771,271165
712000,768771,438690,768771,271132
714000,768771,438690,768771,271032
716000,768771,438690,768771,270988
718000,768771,438690,768771,270898
720000,768771,438690,768771,270819
722000,768771,438690,768771,270729
724000,768771,438690,768771,270660
726000,768771,438690,768771,270527
728000,768771,438690,768771,270454
730000,768771,438690,768771,270392
732000,768771,438690,768771,270280
734000,768771,438690,768771,270173
736000,768771,438690,768771,270048
738000,768771,438690,768771,269935
740000,768771,438690,768771,269856
742000,768771,438690,768771,269752
744000,768771,438690,768771,269570
746000,768771,438690,768771,269451
748000,768771,438690,768771,269347
750000,768771,438690,768771,269190
752000,768771,438690,768771,269052
754000,768771,438690,768771,268942
756000,768771,438690,768771,268832
758000,768771,438690,768771,268689
760000,768771,438690,768771,268515
762000,768771,438690,768771,268361
764000,768771,438690,768771,268113
766000,768771,438690,768771,267867
768000,768771,438690,768771,267550
770000,768771,438690,768771,267308
772000,768771,438690,768771,267308
774000,768771,438690,768771,267308
776000,768771,438690,768771,267308
778000,768771,438690,768771,267308
780000,768771,438690,768771,267308
782000,768771,438690,768771,267308
784000,768771,438690,768771,267308
786000,768771,438690,768771,267308
788000,768771,438690,768771,267308
790000,768771,438690,768771,267308
792000,768771,438690,768771,267308
794000,768771,438690,768771,267308
796000,768771,438690,768771,267308
798000,768771,438690,768771,267308
800000,768771,438690,768771,267308
802000,768771,438690,768771,267308
804000,768771,438690,768771,267308
806000,768771,438690,768771,267308
808000,768771,438690,768771,267308
810000,768771,438690,768771,267308
812000,768771,438690,768771,267308
814000,768771,438690,768771,267308
816000,768771,438690,768771,267308
818000,768771,438690,768771,267308
820000,768771,438690,768771,267308
822000,768771,438690,768771,267308
824000,768771,438690,768771,267308
826000,768771,438690,768771,267308
828000,768771,438690,768771,267308
830000,768771,438690,768771,267308
832000,768771,438690,768771,267308
834000,768771,438690,768771,267308
836000,768771,438690,768771,267308
838000,768771,438690,768771,267308
840000,768771,438690,768771,267308
842000,768771,438690,768771,267308
844000,768771,438690,768771,267308
846000,768771,438690,768771,267308
848000,768771,438690,768771,267308
850000,768771,438690,768771,267308
852000,768771,438690,768771,267308
854000,768771,438690,768771,267308
856000,768771,438690,768771,267308
858000,768771,438690,768771,267308
860000,768771,438690,768771,267308
862000,768771,438690,768771,267308
864000,768771,438690,768771,267308
866000,768771,438690,768771,267308
868000,768771,438690,768771,267308
870000,768771,438690,768771,267308
872000,768771,438690,768771,267308
874000,768771,438690,768771,267308
876000,768771,438690,768771,267308
878000,768771,438690,768771,267308
880000,768771,438690,768771,267308
882000,768771,438690,768771,267308
884000,768771,438690,768771,267308
886000,768771,438690,768771,267308
888000,768771,438690,768771,267308
890000,768771,438690,768771,267308
892000,768771,438690,768771,267308
894000,768771,438690,768771,267308
896000,768771,438690,768771,267308
898000,768771,438690,768771,267308
900000,768771,438690,768771,267308
902000,768771,438690,768771,267308
904000,768771,438690,768771,267308
906000,768771,438690,768771,267308
908000,768771,438690,768771,267308
910000,768771,438690,768771,267308
912000,768771,438690,768771,267308
914000,768771,438690,768771,267308
916000,768771,438690,768771,267308
918000,768771,438690,768771,267308
920000,768771,438690,768771,267308
922000,768771,438690,768771,267308
924000,768771,438690,768771,267308
926000,768771,438690,768771,267308
928000,768771,438690,768771,267308
930000,768771,438690,768771,267308
932000,768771,438690,768771,267308
934000,768771,438690,768771,267308
936000,768771,438690,768771,267308
938000,768771,438690,768771,267308
940000,768771,438690,768771,267308
942000,768771,438690,768771,267308
944000,768771,438690,768771,267308
946000,768771,438690,768771,267308
948000,768771,438690,768771,267308
950000,768771,438690,768771,267308
952000,768771,438690,768771,267308
954000,768771,438690,768771,267308
956000,768771,438690,768771,267308
958000,768771,438690,768771,267308
960000,768771,438690,768771,267308
962000,768771,438690,768771,267308
964000,768771,438690,768771,267308
966000,768771,438690,768771,267308
968000,768771,438690,768771,267308
970000,768771,438690,768771,267308
972000,768771,438690,768771,267308
974000,768771,438690,768771,267308
976000,768771,438690,768771,267308
978000,768771,438690,768771,267308
980000,768771,438690,768771,267308
982000,768771,438690,768771,267308
984000,768771,438690,768771,267308
986000,768771,438690,768771,267308
988000,768771,438690,768771,267308
990000,768771,438690,768771,267308
992000,768771,438690,768771,267308
994000,768771,438690,768771,267308
996000,768771,438690,768771,267308
998000,768771,438690,768771,267308
1000000,768771,438690,768771,267308
1002000,768771,438690,768771,267308
1004000,768771,438690,768771,267308
1006000,768771,438690,768771,267308
1008000,768771,438690,768771,267308
1010000,768771,438690,768771,267308
1012000,768771,438690,768771,267308
1014000,768771,438690,768771,267308
1016000,768771,438690,768771,267308
1018000,768771,438690,768771,267308
1020000,768771,438690,768771,267308
1022000,768771,438690,768771,267308
1024000,768771,438690,768771,267308
1026000,768771,438690,768771,267308
1028000,768771,438690,768771,267308
1030000,768771,438690,768771,267308
1032000,768771,438690,768771,267308
1034000,768771,438690,768771,267308
1036000,768771,438690,768771,267308
1038000,768771,438690,768771,267308
1040000,768771,438690,768771,267308
1042000,768771,438690,768771,267308
1044000,768771,438690,768771,267308
1046000,768771,438690,768771,267308
1048000,768771,438690,768771,267308
1050000,768771,438690,768771,267308
1052000,768771,438690,768771,267308
1054000,768771,438690,768771,267308
1056000,768771,438690,768771,267308
1058000,768771,438690,768771,267308
1060000,768771,438690,768771,267308
1062000,768771,438690,768771,267308
1064000,768771,438690,768771,267308
1066000,768771,438690,768771,267308
1068000,768771,438690,768771,267308
1070000,768771,438690,768771,267308
1072000,768771,438690,768771,267308
1074000,768771,438690,768771,267308
1076000,768771,438690,768771,267308
1078000,768771,438690,768771,267308
1080000,768771,438690,768771,267308
1082000,768771,438690,768771,267308
1084000,768771,438690,768771,267308
1086000,768771,438690,768771,267308
1088000,768771,438690,768771,267308
1090000,768771,438690,768771,267308
1092000,768771,438690,768771,267308
1094000,768771,438690,768771,267308
1096000,768771,438690,768771,267308
1098000,768771,438690,768771,267308
1100000,768771,438690,768771,267308
1102000,768771,438690,768771,267308
1104000,768771,438690,768771,267308
1106000,768771,438690,768771,267308
1108000,768771,438690,768771,267308
1110000,768771,438690,768771,267308
1112000,768771,438690,768771,267308
1114000,768771,438690,768771,267308
1116000,768771,438690,768771,267308
1118000,768771,438690,768771,267308
1120000,768771,438690,768771,267308
1122000,768771,438690,768771,267308
1124000,768771,438690,768771,267308
1126000,768771,438690,768771,267308
1128000,768771,438690,768771,267308
1130000,768771,438690,768771,267308
1132000,768771,438690,768771,267308
1134000,768771,438690,768771,267308
1136000,768771,438690,768771,267308
1138000,768771,438690,768771,267308
1140000,768771,438690,768771,267308
1142000,768771,438690,768771,267308
1144000,768771,438690,768771,267308
1146000,768771,438690,768771,267308
1148000,768771,438690,768771,267308
1150000,768771,438690,768771,267308
1152000,768771,438690,768771,267308
1154000,768771,438690,768771,267308
1156000,768771,438690,768771,267308
1158000,768771,438690,768771,267308
1160000,768771,438690,768771,267308
1162000,768771,438690,768771,267308
1164000,768771,438690,768771,267308
1166000,768771,438690,768771,267308
1168000,768771,438690,768771,267308
1170000,768771,438690,768771,267308
1172000,768771,438690,768771,267308
1174000,768771,438690,768771,267308
1176000,768771,438690,768771,267308
1178000,768771,438690,768771,267308
1180000,768771,438690,768771,267308
1182000,768771,438690,768771,267308
1184000,768771,438690,768771,267308
1186000,768771,438690,768771,267308
1188000,768771,438690,768771,267308
1190000,768771,438690,768771,267308
1192000,768771,438690,768771,267308
1194000,768771,438690,768771,267308
1196000,768771,438690,768771,267308
1198000,768771,438690,768771,267308
1200000,768771,438690,768771,267308
1202000,768771,438690,768771,267308
1204000,768771,438690,768771,267308
1206000,768771,438690,768771,267308
1208000,768771,438690,768771,267308
1210000,768771,438690,768771,267308
1212000,768771,438690,768771,267308
1214000,768771,438690,768771,267308
1216000,768771,438690,768771,267308
1218000,768771,438690,768771,267308
1220000,768771,438690,768771,267308
1222000,768771,438690,768771,267308
1224000,768771,438690,768771,267308
1226000,768771,438690,768771,267308
1228000,768771,438690,768771,267308
1230000,768771,438690,768771,267308
1232000,768771,438690,768771,267308
1234000,768771,438690,768771,267308
1236000,768771,438690,768771,267308
1238000,768771,438690,768771,267308
1240000,768771,438690,768771,267308
1242000,768771,438690,768771,267308
1244000,768771,438690,768771,267308
1246000,768771,438690,768771,267308
1248000,768771,438690,768771,267308
1250000,768771,438690,768771,267308
1252000,768771,438690,768771,267308
1254000,768771,438690,768771,267308
1256000,768771,438690,768771,267308
1258000,768771,438690,768771,267308
1260000,768771,438690,768771,267308
1262000,768771,438690,768771,267308
1264000,768771,438690,768771,267308
1266000,768771,438690,768771,267308
1268000,768771,438690,768771,267308
1270000,768771,438690,768771,267308
1272000,768771,438690,768771,267308
1274000,768771,438690,768771,267308
1276000,768771,438690,768771,267308
1278000,768771,438690,768771,267308
1280000,768771,438690,768771,267308
1282000,768771,438690,768771,267308
1284000,768771,438690,768771,267308
1286000,768771,438690,768771,267308
1288000,768771,438690,768771,267308
1290000,768771,438690,768771,267308
1292000,768771,438690,768771,267308
1294000,768771,438690,768771,267308
1296000,768771,438690,768771,267308
1298000,768771,438690,768771,267308
1300000,768771,438690,768771,267308
1302000,768771,438690,768771,267308
1304000,768771,438690,768771,267308
1306000,768771,438690,768771,267308
1308000,768771,438690,768771,267308
1310000,768771,438690,768771,267308
1312000,768771,438690,768771,267308
1314000,768771,438690,768771,267308
1316000,768771,438690,768771,267308
1318000,768771,438690,768771,267308
1320000,768771,438690,768771,267308
1322000,768771,438690,768771,267308
1324000,768771,438690,768771,267308
1326000,768771,438690,768771,267308
1328000,768771,438690,768771,267308
1330000,768771,438690,768771,267308
1332000,768771,438690,768771,267308
1334000,768771,438690,768771,267308
1336000,768771,438690,768771,267308
1338000,768771,438690,768771,267308
1340000,768771,438690,768771,267308
1342000,768771,438690,768771,267308
1344000,768771,438690,768771,267308
1346000,768771,438690,768771,267308
1348000,768771,438690,768771,267308
1350000,768771,438690,768771,267308
1352000,768771,438690,768771,267308
1354000,768771,438690,768771,267308
1356000,768771,438690,768771,267308
1358000,768771,438690,768771,267308
1360000,768771,438690,768771,267308
1362000,768771,438690,768771,267308
1364000,768771,438690,768771,267308
1366000,768771,438690,768771,267308
1368000,768771,438690,768771,267308
1370000,768771,438690,768771,267308
1372000,768771,438690,768771,267308
1374000,768771,438690,768771,267308
1376000,768771,438690,768771,267308
1378000,768771,438690,768771,267308
1380000,768771,438690,768771,267308
1382000,768771,438690,768771,267308
1384000,768771,438690,768771,267308
1386000,768771,438690,768771,267308
1388000,768771,438690,768771,267308
1390000,768771,438690,768771,267308
1392000,768771,438690,768771,267308
1394000,768771,438690,768771,267308
1396000,768771,438690,768771,267308
1398000,768771,438690,768771,267308
1400000,768771,438690,768771,267308
1402000,768771,438690,768771,267308
1404000,768771,438690,768771,267308
1406000,768771,438690,768771,267308
1408000,768771,438690,768771,267308
1410000,768771,438690,768771,267308
1412000,768771,438690,768771,267308
1414000,768771,438690,768771,267308
1416000,768771,438690,768771,267308
1418000,768771,438690,768771,267308
1420000,768771,438690,768771,267308
1422000,768771,438690,768771,267308
1424000,768771,438690,768771,267308
1426000,768771,438690,768771,267308
1428000,768771,438690,768771,267308
1430000,768771,438690,768771,267308
1432000,768771,438690,768771,267308
1434000,768771,438690,768771,267308
1436000,768771,438690,768771,267308
1438000,768771,438690,768771,267308
1440000,768771,438690,768771,267308
1442000,768771,438690,768771,267308
1444000,768771,438690,768771,267308
1446000,768771,438690,768771,267308
1448000,768771,438690,768771,267308
1450000,768771,438690,768771,267308
1452000,768771,438690,768771,267308
1454000,768771,438690,768771,267308
1456000,768771,438690,768771,267308
1458000,768771,438690,768771,267308
1460000,768771,438690,768771,267308
1462000,768771,438690,768771,267308
1464000,768771,438690,768771,267308
1466000,768771,438690,768771,267308
1468000,768771,438690,768771,267308
1470000,768771,438690,768771,267308
1472000,768771,438690,768771,267308
1474000,768771,438690,768771,267308
1476000,768771,438690,768771,267308
1478000,768771,438690,768771,267308
1480000,768771,438690,768771,267308
1482000,768771,438690,768771,267308
1484000,768771,438690,768771,267308
1486000,768771,438690,768771,267308
1488000,768771,438690,768771,267308
1490000,768771,438690,768771,267308
1492000,768771,438690,768771,267308
1494000,768771,438690,768771,267308
1496000,768771,438690,768771,267308
1498000,768771,438690,768771,267308
1500000,768771,438690,768771,267308
1502000,768771,438690,768771,267308
1504000,768771,438690,768771,267308
1506000,768771,438690,768771,267308
1508000,768771,438690,768771,267308
1510000,768771,438690,768771,267308
1512000,768771,438690,768771,267308
1514000,768771,438690,768771,267308
1516000,768771,438690,768771,267308
1518000,768771,438690,768771,267308
1520000,768771,438690,768771,267308
1522000,768771,438690,768771,267308
1524000,768771,438690,768771,267308
1526000,768771,438690,768771,267308
1528000,768771,438690,768771,267308
1530000,768771,438690,768771,267308
1532000,768771,438690,768771,267308
1534000,768771,438690,768771,267308
1536000,768771,438690,768771,267308
1538000,768771,438690,768771,267308
1540000,768771,438690,768771,267308
1542000,768771,438690,768771,267308
1544000,768771,438690,768771,267308
1546000,768771,438690,768771,267308
1548000,768771,438690,768771,267308
1550000,768771,438690,768771,267308
1552000,768771,438690,768771,267308
1554000,768771,438690,768771,267308
1556000,768771,438690,768771,267308
1558000,768771,438690,768771,267308
1560000,768771,438690,768771,267308
1562000,768771,438690,768771,267308
1564000,768771,438690,768771,267308
1566000,768771,438690,768771,267308
1568000,768771,438690,768771,267308
1570000,768771,438690,768771,267308
1572000,768771,438690,768771,267308
1574000,768771,438690,768771,267308
1576000,768771,438690,768771,267308
1578000,768771,438690,768771,267308
1580000,768771,438690,768771,267308
1582000,768771,438690,768771,267308
1584000,768771,438690,768771,267308
1586000,768771,438690,768771,267308
1588000,768771,438690,768771,267308
1590000,768771,438690,768771,267308
1592000,768771,438690,768771,267308
1594000,768771,438690,768771,267308
1596000,768771,438690,768771,267308
1598000,768771,438690,768771,267308
1600000,768771,438690,768771,267308
1602000,768771,438690,768771,267308
1604000,768771,438690,768771,267308
1606000,768771,438690,768771,267308
1608000,768771,438690,768771,267308
1610000,768771,438690,768771,267308
1612000,768771,438690,768771,267308
1614000,768771,438690,768771,267308
1616000,768771,438690,768771,267308
1618000,768771,438690,768771,267308
1620000,768771,438690,768771,267308
1622000,768771,438690,768771,267308
1624000,768771,438690,768771,267308
1626000,768771,438690,768771,267308
1628000,768771,438690,768771,267308
1630000,768771,438690,768771,267308
1632000,768771,438690,768771,267308
1634000,768771,438690,768771,267308
1636000,768771,438690,768771,267308
1638000,768771,438690,768771,267308
1640000,768771,438690,768771,267308
1642000,768771,438690,768771,267308
1644000,768771,438690,768771,267308
1646000,768771,438690,768771,267308
1648000,768771,438690,768771,267308
1650000,768771,438690,768771,267308
1652000,768771,438690,768771,267308
1654000,768771,438690,768771,267308
1656000,768771,438690,768771,267308
1658000,768771,438690,768771,267308
1660000,768771,438690,768771,267308
1662000,768771,438690,768771,267308
1664000,768771,438690,768771,267308
1666000,768771,438690,768771,267308
1668000,768771,438690,768771,267308
1670000,768771,438690,768771,267308
1672000,768771,438690,768771,267308
1674000,768771,438690,768771,267308
1676000,768771,438690,768771,267308
1678000,768771,438690,768771,267308
1680000,768771,438690,768771,267308
1682000,768771,438690,768771,267308
1684000,768771,438690,768771,267308
1686000,768771,438690,768771,267308
1688000,768771,438690,768771,267308
1690000,768771,438690,768771,267308
1692000,768771,438690,768771,267308
1694000,768771,438690,768771,267308
1696000,768771,438690,768771,267308
1698000,768771,438690,768771,267308
1700000,768771,438690,768771,267308
1702000,768771,438690,768771,267308
1704000,768771,438690,768771,267308
1706000,768771,438690,768771,267308
1708000,768771,438690,768771,267308
1710000,768771,438690,768771,267308
1712000,768771,438690,768771,267308
1714000,768771,438690,768771,267308
1716000,768771,438690,768771,267308
1718000,768771,438690,768771,267308
1720000,768771,438690,768771,267308
1722000,768771,438690,768771,267308
1724000,768771,438690,768771,267308
1726000,768771,438690,768771,267308
1728000,768771,438690,768771,267308
1730000,768771,438690,768771,267308
1732000,768771,438690,768771,267308
1734000,768771,438690,768771,267308
1736000,768771,438690,768771,267308
1738000,768771,438690,768771,267308
1740000,768771,438690,768771,267308
1742000,768771,438690,768771,267308
1744000,768771,438690,768771,267308
1746000,768771,438690,768771,267308
1748000,768771,438690,768771,267308
1750000,768771,438690,768771,267308
1752000,768771,438690,768771,267308
1754000,768771,438690,768771,267308
1756000,768771,438690,768771,267308
1758000,768771,438690,768771,267308
1760000,768771,438690,768771,267308
1762000,768771,438690,768771,267308
1764000,768771,438690,768771,267308
1766000,768771,438690,768771,267308
1768000,768771,438690,768771,267308
1770000,768771,438690,768771,267308
1772000,768771,438690,768771,267308
1774000,768771,438690,768771,267308
1776000,768771,438690,768771,267308
1778000,768771,438690,768771,267308
1780000,768771,438690,768771,267308
1782000,768771,438690,768771,267308
1784000,768771,438690,768771,267308
1786000,768771,438690,768771,267308
1788000,768771,438690,768771,267308
1790000,768771,438690,768771,267308
1792000,768771,438690,768771,267308
1794000,768771,438690,768771,267308
1796000,768771,438690,768771,267308
1798000,768771,438690,768771,267308
1800000,768771,438690,768771,267308
1802000,768771,438690,768771,267308
1804000,768771,438690,768771,267308
1806000,768771,438690,768771,267308
1808000,768771,438690,768771,267308
1810000,768771,438690,768771,267308
1812000,768771,438690,768771,267308
1814000,768771,438690,768771,267308
1816000,768771,438690,768771,267308
1818000,768771,438690,768771,267308
1820000,768771,438690,768771,267308
1822000,768771,438690,768771,267308
1824000,768771,438690,768771,267308
1826000,768771,438690,768771,267308
1828000,768771,438690,768771,267308
1830000,768771,438690,768771,267308
1832000,768771,438690,768771,267308
1834000,768771,438690,768771,267308
1836000,768771,438690,768771,267308
1838000,768771,438690,768771,267308
1840000,768771,438690,768771,267308
1842000,768771,438690,768771,267308
1844000,768771,438690,768771,267308
1846000,768771,438690,768771,267308
1848000,768771,438690,768771,267308
1850000,768771,438690,768771,267308
1852000,768771,438690,768771,267308
1854000,768771,438690,768771,267308
1856000,768771,438690,768771,267308
1858000,768771,438690,768771,267308
1860000,768771,438690,768771,267308
1862000,768771,438690,768771,267308
1864000,768771,438690,768771,267308
1866000,768771,438690,768771,267308
1868000,768771,438690,768771,267308
1870000,768771,438690,768771,267308
1872000,768771,438690,768771,267308
1874000,768771,438690,768771,267308
1876000,768771,438690,768771,267308
1878000,768771,438690,768771,267308
1880000,768771,438690,768771,267308
1882000,768771,438690,768771,267308
1884000,768771,438690,768771,267308
1886000,768771,438690,768771,267308
1888000,768771,438690,768771,267308
1890000,768771,438690,768771,267308
1892000,768771,438690,768771,267308
1894000,768771,438690,768771,267308
1896000,768771,438690,768771,267308
1898000,768771,438690,768771,267308
1900000,768771,438690,768771,267308
1902000,768771,438690,768771,267308
1904000,768771,438690,768771,267308
1906000,768771,438690,768771,267308
1908000,768771,438690,768771,267308
1910000,768771,438690,768771,267308
1912000,768771,438690,768771,267308
1914000,768771,438690,768771,267308
1916000,768771,438690,768771,267308
1918000,768771,438690,768771,267308
1920000,768771,438690,768771,267308
1922000,768771,438690,768771,267308
1924000,768771,438690,768771,267308
1926000,768771,438690,768771,267308
1928000,768771,438690,768771,267308
1930000,768771,438690,768771,267308
1932000,768771,438690,768771,267308
1934000,768771,438690,768771,267308
1936000,768771,438690,768771,267308
1938000,768771,438690,768771,267308
1940000,768771,438690,768771,267308
1942000,768771,438690,768771,267308
1944000,768771,438690,768771,267308
1946000,768771,438690,768771,267308
1948000,768771,438690,768771,267308
1950000,768771,438690,768771,267308
1952000,768771,438690,768771,267308
1954000,768771,438690,768771,267308
1956000,768771,438690,768771,267308
1958000,768771,438690,768771,267308
1960000,768771,438690,768771,267308
1962000,768771,438690,768771,267308
1964000,768771,438690,768771,267308
1966000,768771,438690,768771,267308
1968000,768771,438690,768771,267308
1970000,768771,438690,768771,267308
1972000,768771,438690,768771,267308
1974000,768771,438690,768771,267308
1976000,768771,438690,768771,267308
1978000,768771,438690,768771,267308
1980000,768771,438690,768771,267308
1982000,768771,438690,768771,267308
1984000,768771,438690,768771,267308
1986000,768771,438690,768771,267308
1988000,768771,438690,768771,267308
1990000,768771,438690,768771,267308
1992000,768771,438690,768771,267308
1994000,768771,438690,768771,267308
1996000,768771,438690,768771,267308
1998000,768771,438690,768771,267308
2000000,768771,438690,768771,267308
2002000,768771,438690,768771,267308
2004000,768771,438690,768771,267308
2006000,768771,438690,768771,267308
2008000,768771,438690,768771,267308
2010000,768771,438690,768771,267308
2012000,768771,438690,768771,267308
2014000,768771,438690,768771,267308
2016000,768771,438690,768771,267308
2018000,768771,438690,768771,267308
2020000,768771,438690,768771,267308
2022000,768771,438690,768771,267308
2024000,768771,438690,768771,267308
2026000,768771,438690,768771,267308
2028000,768771,438690,768771,267308
2030000,768771,438690,768771,267308
2032000,768771,438690,768771,267308
2034000,768771,438690,768771,267308
2036000,768771,438690,768771,267308
2038000,768771,438690,768771,267308
2040000,768771,438690,768771,267308
2042000,768771,438690,768771,267308
2044000,768771,438690,768771,267308
2046000,768771,438690,768771,267308
2048000,768771,438690,768771,267308
2050000,768771,438690,768771,267308
2052000,768771,438690,768771,267308
2054000,768771,438690,768771,267308
2056000,768771,438690,768771,267308
2058000,768771,438690,768771,267308
2060000,768771,438690,768771,267308
2062000,768771,438690,768771,267308
2064000,768771,438690,768771,267308
2066000,768771,438690,768771,267308
2068000,768771,438690,768771,267308
2070000,768771,438690,768771,267308
2072000,768771,438690,768771,267308
2074000,768771,438690,768771,267308
2076000,768771,438690,768771,267308
2078000,768771,438690,768771,267308
2080000,768771,438690,768771,267308
2082000,768771,438690,768771,267308
2084000,768771,438690,768771,267308
2086000,768771,438690,768771,267308
2088000,768771,438690,768771,267308
2090000,768771,438690,768771,267308
2092000,768771,438690,768771,267308
2094000,768771,438690,768771,267308
2096000,768771,438690,768771,267308
2098000,768771,438690,768771,267308
2100000,768771,438690,768771,267308
2102000,768771,438690,768771,267308
2104000,768771,438690,768771,267308
2106000,768771,438690,768771,267308
2108000,768771,438690,768771,267308
2110000,768771,438690,768771,267308
2112000,768771,438690,768771,267308
2114000,768771,438690,768771,267308
2116000,768771,438690,768771,267308
2118000,768771,438690,768771,267308
2120000,768771,438690,768771,267308
2122000,768771,438690,768771,267308
2124000,768771,438690,768771,267308
2126000,768771,438690,768771,267308
2128000,768771,438690,768771,267308
2130000,768771,438690,768771,267308
2132000,768771,438690,768771,267308
2134000,768771,438690,768771,267308
2136000,768771,438690,768771,267308
2138000,768771,438690,768771,267308
2140000,768771,438690,768771,267308
2142000,768771,438690,768771,267308
2144000,768771,438690,768771,267308
2146000,768771,438690,768771,267308
2148000,768771,438690,768771,267308
2150000,768771,438690,768771,267308
2152000,768771,438690,768771,267308
2154000,768771,438690,768771,267308
2156000,768771,438690,768771,267308
2158000,768771,438690,768771,267308
2160000,768771,438690,768771,267308
2162000,768771,438690,768771,267308
2164000,768771,438690,768771,267308
2166000,768771,438690,768771,267308
2168000,768771,438690,768771,267308
2170000,768771,438690,768771,267308
2172000,768771,438690,768771,267308
2174000,768771,438690,768771,267308
2176000,768771,438690,768771,267308
2178000,768771,438690,768771,267308
2180000,768771,438690,768771,267308
2182000,768771,438690,768771,267308
2184000,768771,438690,768771,267308
2186000,768771,438690,768771,267308
2188000,768771,438690,768771,267308
2190000,768771,438690,768771,267308
2192000,768771,438690,768771,267308
2194000,768771,438690,768771,267308
2196000,768771,438690,768771,267308
2198000,768771,438690,768771,267308
2200000,768771,438690,768771,267308
2202000,768771,438690,768771,267308
2204000,768771,438690,768771,267308
2206000,768771,438690,768771,267308
2208000,768771,438690,768771,267308
2210000,768771,438690,768771,267308
2212000,768771,438690,768771,267308
2214000,768771,438690,768771,267308
2216000,768771,438690,768771,267308
2218000,768771,438690,768771,267308
2220000,768771,438690,768771,267308
2222000,768771,438690,768771,267308
2224000,768771,438690,768771,267308
2226000,768771,438690,768771,267308
2228000,768771,438690,768771,267308
2230000,768771,438690,768771,267308
2232000,768771,438690,768771,267308
2234000,768771,438690,768771,267308
2236000,768771,438690,768771,267308
2238000,768771,438690,768771,267308
2240000,768771,438690,768771,267308
2242000,768771,438690,768771,267308
2244000,768771,438690,768771,267308
2246000,768771,438690,768771,267308
2248000,768771,438690,768771,267308
2250000,768771,438690,768771,267308
2252000,768771,438690,768771,267308
2254000,768771,438690,768771,267308
2256000,768771,438690,768771,267308
2258000,768771,438690,768771,267308
2260000,768771,438690,768771,267308
2262000,768771,438690,768771,267308
2264000,768771,438690,768771,267308
2266000,768771,438690,768771,267308
2268000,768771,438690,768771,267308
2270000,768771,438690,768771,267308
2272000,768771,438690,768771,267308
2274000,768771,438690,768771,267308
2276000,768771,438690,768771,267308
2278000,768771,438690,768771,267308
2280000,768771,438690,768771,267308
2282000,768771,438690,768771,267308
2284000,768771,438690,768771,267308
2286000,768771,438690,768771,267308
2288000,768771,438690,768771,267308
2290000,768771,438690,768771,267308
2292000,768771,438690,768771,267308
2294000,768771,438690,768771,267308
2296000,768771,438690,768771,267308
2298000,768771,438690,768771,267308
2300000,768771,438690,768771,267308
2302000,768771,438690,768771,267308
2304000,768771,438690,768771,267308
2306000,768771,438690,768771,267308
2308000,768771,438690,768771,267308
2310000,768771,438690,768771,267308
2312000,768771,438690,768771,267308
2314000,768771,438690,768771,267308
2316000,768771,438690,768771,267308
2318000,768771,438690,768771,267308
2320000,768771,438690,768771,267308
2322000,768771,438690,768771,267308
2324000,768771,438690,768771,267308
2326000,768771,438690,768771,267308
2328000,768771,438690,768771,267308
2330000,768771,438690,768771,267308
2332000,768771,438690,768771,267308
2334000,768771,438690,768771,267308
2336000,768771,438690,768771,267308
2338000,768771,438690,768771,267308
2340000,768771,438690,768771,267308
2342000,768771,438690,768771,267308
2344000,768771,438690,768771,267308
2346000,768771,438690,768771,267308
2348000,768771,438690,768771,267308
2350000,768771,438690,768771,267308
2352000,768771,438690,768771,267308
2354000,768771,438690,768771,267308
2356000,768771,438690,768771,267308
2358000,768771,438690,768771,267308
2360000,768771,438690,768771,267308
2362000,768771,438690,768771,267308
2364000,768771,438690,768771,267308
2366000,768771,438690,768771,267308
2368000,768771,438690,768771,267308
2370000,768771,438690,768771,267308
2372000,768771,438690,768771,267308
2374000,768771,438690,768771,267308
2376000,768771,438690,768771,267308
2378000,768771,438690,768771,267308
2380000,768771,438690,768771,267308
2382000,768771,438690,768771,267308
2384000,768771,438690,768771,267308
2386000,768771,438690,768771,267308
2388000,768771,438690,768771,267308
2390000,768771,438690,768771,267308
2392000,768771,438690,768771,267308
2394000,768771,438690,768771,267308
2396000,768771,438690,768771,267308
2398000,768771,438690,768771,267308
2400000,768771,438690,768771,267308
2402000,768771,438690,768771,267308
2404000,768771,438690,768771,267308
2406000,768771,438690,768771,267308
2408000,768771,438690,768771,267308
2410000,768771,438690,768771,267308
2412000,768771,438690,768771,267308
2414000,768771,438690,768771,267308
2416000,768771,438690,768771,267308
2418000,768771,438690,768771,267308
2420000,768771,438690,768771,267308
2422000,768771,438690,768771,267308
2424000,768771,438690,768771,267308
2426000,768771,438690,768771,267308
2428000,768771,438690,768771,267308
2430000,768771,438690,768771,267308
2432000,768771,438690,768771,267308
2434000,768771,438690,768771,267308
2436000,768771,438690,768771,267308
2438000,768771,438690,768771,267308
2440000,768771,438690,768771,267308
2442000,768771,438690,768771,267308
2444000,768771,438690,768771,267308
2446000,768771,438690,768771,267308
2448000,768771,438690,768771,267308
2450000,768771,438690,768771,267308
2452000,768771,438690,768771,267308
2454000,768771,438690,768771,267308
2456000,768771,438690,768771,267308
2458000,768771,438690,768771,267308
2460000,768771,438690,768771,267308
2462000,768771,438690,768771,267308
2464000,768771,438690,768771,267308
2466000,768771,438690,768771,267308
2468000,768771,438690,768771,267308
2470000,768771,438690,768771,267308
2472000,768771,438690,768771,267308
2474000,768771,438690,768771,267308
2476000,768771,438690,768771,267308
2478000,768771,438690,768771,267308
2480000,768771,438690,768771,267308
2482000,768771,438690,768771,267308
2484000,768771,438690,768771,267308
2486000,768771,438690,768771,267308
2488000,768771,438690,768771,267308
2490000,768771,438690,768771,267308
2492000,768771,438690,768771,267308
2494000,768771,438690,768771,267308
2496000,768771,438690,768771,267308
2498000,768771,438690,768771,267308
2500000,768771,438690,768771,267308
2502000,768771,438690,768771,267308
2504000,768771,438690,768771,267308
2506000,768771,438690,768771,267308
2508000,768771,438690,768771,267308
2510000,768771,438690,768771,267308
2512000,768771,438690,768771,267308
2514000,768771,438690,768771,267308
2516000,768771,438690,768771,267308
2518000,768771,438690,768771,267308
2520000,768771,438690,768771,267308
2522000,768771,438690,768771,267308
2524000,768771,438690,768771,267308
2526000,768771,438690,768771,267308
2528000,768771,438690,768771,267308
2530000,768771,438690,768771,267308
2532000,768771,438690,768771,267308
2534000,768771,438690,768771,267308
2536000,768771,438690,768771,267308
2538000,768771,438690,768771,267308
2540000,768771,438690,768771,267308
2542000,768771,438690,768771,267308
2544000,768771,438690,768771,267308
2546000,768771,438690,768771,267308
2548000,768771,438690,768771,267308
2550000,768771,438690,768771,267308
2552000,768771,438690,768771,267308
2554000,768771,438690,768771,267308
2556000,768771,438690,768771,267308
2558000,768771,438690,768771,267308
2560000,768771,438690,768771,267308
2562000,768771,438690,768771,267308
2564000,768771,438690,768771,267308
2566000,768771,438690,768771,267308
2568000,768771,438690,768771,267308
2570000,768771,438690,768771,267308
2572000,768771,438690,768771,267308
2574000,768771,438690,768771,267308
2576000,768771,438690,768771,267308
2578000,768771,438690,768771,267308
2580000,768771,438690,768771,267308
2582000,768771,438690,768771,267308
2584000,768771,438690,768771,267308
2586000,768771,438690,768771,267308
2588000,768771,438690,768771,267308
2590000,768771,438690,768771,267308
2592000,768771,438690,768771,267308
2594000,768771,438690,768771,267308
2596000,768771,438690,768771,267308
2598000,768771,438690,768771,267308
2600000,768771,438690,768771,267308
2602000,768771,438690,768771,267308
2604000,768771,438690,768771,267308
2606000,768771,438690,768771,267308
2608000,768771,438690,768771,267308
2610000,768771,438690,768771,267308
2612000,768771,438690,768771,267308
2614000,768771,438690,768771,267308
2616000,768771,438690,768771,267308
2618000,768771,438690,768771,267308
2620000,768771,438690,768771,267308
2622000,768771,438690,768771,267308
2624000,768771,438690,768771,267308
2626000,768771,438690,768771,267308
2628000,768771,438690,768771,267308
2630000,768771,438690,768771,267308
2632000,768771,438690,768771,267308
2634000,768771,438690,768771,267308
2636000,768771,438690,768771,267308
2638000,768771,438690,768771,267308
2640000,768771,438690,768771,267308
2642000,768771,438690,768771,267308
2644000,768771,438690,768771,267308
2646000,768771,438690,768771,267308
2648000,768771,438690,768771,267308
2650000,768771,438690,768771,267308
2652000,768771,438690,768771,267308
2654000,768771,438690,768771,267308
2656000,768771,438690,768771,267308
2658000,768771,438690,768771,267308
2660000,768771,438690,768771,267308
2662000,768771,438690,768771,267308
2664000,768771,438690,768771,267308
2666000,768771,438690,768771,267308
2668000,768771,438690,768771,267308
2670000,768771,438690,768771,267308
2672000,768771,438690,768771,267308
2674000,768771,438690,768771,267308
2676000,768771,438690,768771,267308
2678000,768771,438690,768771,267308
2680000,768771,438690,768771,267308
2682000,768771,438690,768771,267308
2684000,768771,438690,768771,267308
2686000,768771,438690,768771,267308
2688000,768771,438690,768771,267308
2690000,768771,438690,768771,267308
2692000,768771,438690,768771,267308
2694000,768771,438690,768771,267308
2696000,768771,438690,768771,267308
2698000,768771,438690,768771,267308
2700000,768771,438690,768771,267308
2702000,768771,438690,768771,267308
2704000,768771,438690,768771,267308
2706000,768771,438690,768771,267308
2708000,768771,438690,768771,267308
2710000,768771,438690,768771,267308
2712000,768771,438690,768771,267308
2714000,768771,438690,768771,267308
2716000,768771,438690,768771,267308
2718000,768771,438690,768771,267308
2720000,768771,438690,768771,267308
2722000,768771,438690,768771,267308
2724000,768771,438690,768771,267308
2726000,768771,438690,768771,267308
2728000,768771,438690,768771,267308
2730000,768771,438690,768771,267308
2732000,768771,438690,768771,267308
2734000,768771,438690,768771,267308
2736000,768771,438690,768771,267308
2738000,768771,438690,768771,267308
2740000,768771,438690,768771,267308
2742000,768771,438690,768771,267308
2744000,768771,438690,768771,267308
2746000,768771,438690,768771,267308
2748000,768771,438690,768771,267308
2750000,768771,438690,768771,267308
2752000,768771,438690,768771,267308
2754000,768771,438690,768771,267308
2756000,768771,438690,768771,267308
2758000,768771,438690,768771,267308
2760000,768771,438690,768771,267308
2762000,768771,438690,768771,267308
2764000,768771,438690,768771,267308
2766000,768771,438690,768771,267308
2768000,768771,438690,768771,267308
2770000,768771,438690,768771,267308
2772000,768771,438690,768771,267308
2774000,768771,438690,768771,267308
2776000,768771,438690,768771,267308
2778000,768771,438690,768771,267308
2780000,768771,438690,768771,267308
2782000,768771,438690,768771,267308
2784000,768771,438690,768771,267308
2786000,768771,438690,768771,267308
2788000,768771,438690,768771,267308
2790000,768771,438690,768771,267308
2792000,768771,438690,768771,267308
2794000,768771,438690,768771,267308
2796000,768771,438690,768771,267308
2798000,768771,438690,768771,267308
2800000,768771,438690,768771,267308
2802000,768771,438690,768771,267308
2804000,768771,438690,768771,267308
2806000,768771,438690,768771,267308
2808000,768771,438690,768771,267308
2810000,768771,438690,768771,267308
2812000,768771,438690,768771,267308
2814000,768771,438690,768771,267308
2816000,768771,438690,768771,267308
2818000,768771,438690,768771,267308
2820000,768771,438690,768771,267308
2822000,768771,438690,768771,267308
2824000,768771,438690,768771,267308
2826000,768771,438690,768771,267308
2828000,768771,438690,768771,267308
2830000,768771,438690,768771,267308
2832000,768771,438690,768771,267308
2834000,768771,438690,768771,267308
2836000,768771,438690,768771,267308
2838000,768771,438690,768771,267308
2840000,768771,438690,768771,267308
2842000,768771,438690,768771,267308
2844000,768771,438690,768771,267308
2846000,768771,438690,768771,267308
2848000,768771,438690,768771,267308
2850000,768771,438690,768771,267308
2852000,768771,438690,768771,267308
2854000,768771,438690,768771,267308
2856000,768771,438690,768771,267308
2858000,768771,438690,768771,267308
2860000,768771,438690,768771,267308
2862000,768771,438690,768771,267308
2864000,768771,438690,768771,267308
2866000,768771,438690,768771,267308
2868000,768771,438690,768771,267308
2870000,768771,438690,768771,267308
2872000,768771,438690,768771,267308
2874000,768771,438690,768771,267308
2876000,768771,438690,768771,267308
2878000,768771,438690,768771,267308
2880000,768771,438690,768771,267308
2882000,768771,438690,768771,267308
2884000,768771,438690,768771,267308
2886000,768771,438690,768771,267308
2888000,768771,438690,768771,267308
2890000,768771,438690,768771,267308
2892000,768771,438690,768771,267308
2894000,768771,438690,768771,267308
2896000,768771,438690,768771,267308
2898000,768771,438690,768771,267308
2900000,768771,438690,768771,267308
2902000,768771,438690,768771,267308
2904000,768771,438690,768771,267308
2906000,768771,438690,768771,267308
2908000,768771,438690,768771,267308
2910000,768771,438690,768771,267308
2912000,768771,438690,768771,267308
2914000,768771,438690,768771,267308
2916000,768771,438690,768771,267308
2918000,768771,438690,768771,267308
2920000,768771,438690,768771,267308
2922000,768771,438690,768771,267308
2924000,768771,438690,768771,267308
2926000,768771,438690,768771,267308
2928000,768771,438690,768771,267308
2930000,768771,438690,768771,267308
2932000,768771,438690,768771,267308
2934000,768771,438690,768771,267308
2936000,768771,438690,768771,267308
2938000,768771,438690,768771,267308
2940000,768771,438690,768771,267308
2942000,768771,438690,768771,267308
2944000,768771,438690,768771,267308
2946000,768771,438690,768771,267308
2948000,768771,438690,768771,267308
2950000,768771,438690,768771,267308
2952000,768771,438690,768771,267308
2954000,768771,438690,768771,267308
2956000,768771,438690,768771,267308
2958000,768771,438690,768771,267308
2960000,768771,438690,768771,267308
2962000,768771,438690,768771,267308
2964000,768771,438690,768771,267308
2966000,768771,438690,768771,267308
2968000,768771,438690,768771,267308
2970000,768771,438690,768771,267308
2972000,768771,438690,768771,267308
2974000,768771,438690,768771,267308
2976000,768771,438690,768771,267308
2978000,768771,438690,768771,267308
2980000,768771,438690,768771,267308
2982000,768771,438690,768771,267308
2984000,768771,438690,768771,267308
2986000,768771,438690,768771,267308
2988000,768771,438690,768771,267308
2990000,768771,438690,768771,267308
2992000,768771,438690,768771,267308
2994000,768771,438690,768771,267308
2996000,768771,438690,768771,267308
2998000,768771,438690,768771,267308
3000000,768771,438690,768771,267308
3002000,768771,438690,768771,267308
3004000,768771,438690,768771,267308
3006000,768771,438690,768771,267308
3008000,768771,438690,768771,267308
3010000,768771,438690,768771,267308
3012000,768771,438690,768771,267308
3014000,768771,438690,768771,267308
3016000,768771,438690,768771,267308
3018000,768771,438690,768771,267308
3020000,768771,438690,768771,267308
3022000,768771,438690,768771,267308
3024000,768771,438690,768771,267308
3026000,768771,438690,768771,267308
3028000,768771,438690,768771,267308
3030000,768771,438690,768771,267308
3032000,768771,438690,768771,267308
3034000,768771,438690,768771,267308
3036000,768771,438690,768771,267308
3038000,768771,438690,768771,267308
3040000,768771,438690,768771,267308
3042000,768771,438690,768771,267308
3044000,768771,438690,768771,267308
3046000,768771,438690,768771,267308
3048000,768771,438690,768771,267308
3050000,768771,438690,768771,267308
3052000,768771,438690,768771,267308
3054000,768771,438690,768771,267308
3056000,768771,438690,768771,267308
3058000,768771,438690,768771,267308
3060000,768771,438690,768771,267308
3062000,768771,438690,768771,267308
3064000,768771,438690,768771,267308
3066000,768771,438690,768771,267308
3068000,768771,438690,768771,267308
3070000,768771,438690,768771,267308
3072000,768771,438690,768771,267308
3074000,768771,438690,768771,267308
3076000,768771,438690,768771,267308
3078000,768771,438690,768771,267308
3080000,768771,438690,768771,267308
3082000,768771,438690,768771,267308
3084000,768771,438690,768771,267308
3086000,768771,438690,768771,267308
3088000,768771,438690,768771,267308
3090000,768771,438690,768771,267308
3092000,768771,438690,768771,267308
3094000,768771,438690,768771,267308
3096000,768771,438690,768771,267308
3098000,768771,438690,768771,267308
3100000,768771,438690,768771,267308
3102000,768771,438690,768771,267308
3104000,768771,438690,768771,267308
3106000,768771,438690,768771,267308
3108000,768771,438690,768771,267308
3110000,768771,438690,768771,267308
3112000,768771,438690,768771,267308
3114000,768771,438690,768771,267308
3116000,768771,438690,768771,267308
3118000,768771,438690,768771,267308
3120000,768771,438690,768771,267308
3122000,768771,438690,768771,267308
3124000,768771,438690,768771,267308
3126000,768771,438690,768771,267308
3128000,768771,438690,768771,267308
3130000,768771,438690,768771,267308
3132000,768771,438690,768771,267308
3134000,768771,438690,768771,267308
3136000,768771,438690,768771,267308
3138000,768771,438690,768771,267308
3140000,768771,438690,768771,267308
3142000,768771,438690,768771,267308
3144000,768771,438690,768771,267308
3146000,768771,438690,768771,267308
3148000,768771,438690,768771,267308
3150000,768771,438690,768771,267308
3152000,768771,438690,768771,267308
3154000,768771,438690,768771,267308
3156000,768771,438690,768771,267308
3158000,768771,438690,768771,267308
3160000,768771,438690,768771,267308
3162000,768771,438690,768771,267308
3164000,768771,438690,768771,267308
3166000,768771,438690,768771,267308
3168000,768771,438690,768771,267308
3170000,768771,438690,768771,267308
3172000,768771,438690,768771,267308
3174000,768771,438690,768771,267308
3176000,768771,438690,768771,267308
3178000,768771,438690,768771,267308
3180000,768771,438690,768771,267308
3182000,768771,438690,768771,267308
3184000,768771,438690,768771,267308
3186000,768771,438690,768771,267308
3188000,768771,438690,768771,267308
3190000,768771,438690,768771,267308
3192000,768771,438690,768771,267308
3194000,768771,438690,768771,267308
3196000,768771,438690,768771,267308
3198000,768771,438690,768771,267308
3200000,768771,438690,768771,267308
3202000,768771,438690,768771,267308
3204000,768771,438690,768771,267308
3206000,768771,438690,768771,267308
3208000,768771,438690,768771,267308
3210000,768771,438690,768771,267308
3212000,768771,438690,768771,267308
3214000,768771,438690,768771,267308
3216000,768771,438690,768771,267308
3218000,768771,438690,768771,267308
3220000,768771,438690,768771,267308
3222000,768771,438690,768771,267308
3224000,768771,438690,768771,267308
3226000,768771,438690,768771,267308
3228000,768771,438690,768771,267308
3230000,768771,438690,768771,267308
3232000,768771,438690,768771,267308
3234000,768771,438690,768771,267308
3236000,768771,438690,768771,267308
3238000,768771,438690,768771,267308
3240000,768771,438690,768771,267308
3242000,768771,438690,768771,267308
3244000,768771,438690,768771,267308
3246000,768771,438690,768771,267308
3248000,768771,438690,768771,267308
3250000,768771,438690,768771,267308
3252000,768771,438690,768771,267308
3254000,768771,438690,768771,267308
3256000,768771,438690,768771,267308
3258000,768771,438690,768771,267308
3260000,768771,438690,768771,267308
3262000,768771,438690,768771,267308
3264000,768771,438690,768771,267308
3266000,768771,438690,768771,267308
3268000,768771,438690,768771,267308
3270000,768771,438690,768771,267308
3272000,768771,438690,768771,267308
3274000,768771,438690,768771,267308
3276000,768771,438690,768771,267308
3278000,768771,438690,768771,267308
3280000,768771,438690,768771,267308
3282000,768771,438690,768771,267308
3284000,768771,438690,768771,267308
3286000,768771,438690,768771,267308
3288000,768771,438690,768771,267308
3290000,768771,438690,768771,267308
3292000,768771,438690,768771,267308
3294000,768771,438690,768771,267308
3296000,768771,438690,768771,267308
3298000,768771,438690,768771,267308
3300000,768771,438690,768771,267308
3302000,768771,438690,768771,267308
3304000,768771,438690,768771,267308
3306000,768771,438690,768771,267308
3308000,768771,438690,768771,267308
3310000,768771,438690,768771,267308
3312000,768771,438690,768771,267308
3314000,768771,438690,768771,267308
3316000,768771,438690,768771,267308
3318000,768771,438690,768771,267308
3320000,768771,438690,768771,267308
3322000,768771,438690,768771,267308
3324000,768771,438690,768771,267308
3326000,768771,438690,768771,267308
3328000,768771,438690,768771,267308
3330000,768771,438690,768771,267308
3332000,768771,438690,768771,267308
3334000,768771,438690,768771,267308
3336000,768771,438690,768771,267308
3338000,768771,438690,768771,267308
3340000,768771,438690,768771,267308
3342000,768771,438690,768771,267308
3344000,768771,438690,768771,267308
3346000,768771,438690,768771,267308
3348000,768771,438690,768771,267308
3350000,768771,438690,768771,267308
3352000,768771,438690,768771,267308
3354000,768771,438690,768771,267308
3356000,768771,438690,768771,267308
3358000,768771,438690,768771,267308
3360000,768771,438690,768771,267308
3362000,768771,438690,768771,267308
3364000,768771,438690,768771,267308
3366000,768771,438690,768771,267308
3368000,768771,438690,768771,267308
3370000,768771,438690,768771,267308
3372000,768771,438690,768771,267308
3374000,768771,438690,768771,267308
3376000,768771,438690,768771,267308
3378000,768771,438690,768771,267308
3380000,768771,438690,768771,267308
3382000,768771,438690,768771,267308
3384000,768771,438690,768771,267308
3386000,768771,438690,768771,267308
3388000,768771,438690,768771,267308
3390000,768771,438690,768771,267308
3392000,768771,438690,768771,267308
3394000,768771,438690,768771,267308
3396000,768771,438690,768771,267308
3398000,768771,438690,768771,267308
3400000,768771,438690,768771,267308
3402000,768771,438690,768771,267308
3404000,768771,438690,768771,267308
3406000,768771,438690,768771,267308
3408000,768771,438690,768771,267308
3410000,768771,438690,768771,267308
3412000,768771,438690,768771,267308
3414000,768771,438690,768771,267308
3416000,768771,438690,768771,267308
3418000,768771,438690,768771,267308
3420000,768771,438690,768771,267308
3422000,768771,438690,768771,267308
3424000,768771,438690,768771,267308
3426000,768771,438690,768771,267308
3428000,768771,438690,768771,267308
3430000,768771,438690,768771,267308
3432000,768771,438690,768771,267308
3434000,768771,438690,768771,267308
3436000,768771,438690,768771,267308
3438000,768771,438690,768771,267308
3440000,768771,438690,768771,267308
3442000,768771,438690,768771,267308
3444000,768771,438690,768771,267308
3446000,768771,438690,768771,267308
3448000,768771,438690,768771,267308
3450000,768771,438690,768771,267308
3452000,768771,438690,768771,267308
3454000,768771,438690,768771,267308
3456000,768771,438690,768771,267308
3458000,768771,438690,768771,267308
3460000,768771,438690,768771,267308
3462000,768771,438690,768771,267308
3464000,768771,438690,768771,267308
3466000,768771,438690,768771,267308
3468000,768771,438690,768771,267308
3470000,768771,438690,768771,267308
3472000,768771,438690,768771,267308
3474000,768771,438690,768771,267308
3476000,768771,438690,768771,267308
3478000,768771,438690,768771,267308
3480000,768771,438690,768771,267308
3482000,768771,438690,768771,267308
3484000,768771,438690,768771,267308
3486000,768771,438690,768771,267308
3488000,768771,438690,768771,267308
3490000,768771,438690,768771,267308
3492000,768771,438690,768771,267308
3494000,768771,438690,768771,267308
3496000,768771,438690,768771,267308
3498000,768771,438690,768771,267308
3500000,768771,438690,768771,267308
3502000,768771,438690,768771,267308
3504000,768771,438690,768771,267308
3506000,768771,438690,768771,267308
3508000,768771,438690,768771,267308
3510000,768771,438690,768771,267308
3512000,768771,438690,768771,267308
3514000,768771,438690,768771,267308
3516000,768771,438690,768771,267308
3518000,768771,438690,768771,267308
3520000,768771,438690,768771,267308
3522000,768771,438690,768771,267308
3524000,768771,438690,768771,267308
3526000,768771,438690,768771,267308
3528000,768771,438690,768771,267308
3530000,768771,438690,768771,267308
3532000,768771,438690,768771,267308
3534000,768771,438690,768771,267308
3536000,768771,438690,768771,267308
3538000,768771,438690,768771,267308
3540000,768771,438690,768771,267308
3542000,768771,438690,768771,267308
3544000,768771,438690,768771,267308
3546000,768771,438690,768771,267308
3548000,768771,438690,768771,267308
3550000,768771,438690,768771,267308
3552000,768771,438690,768771,267308
3554000,768771,438690,768771,267308
3556000,768771,438690,768771,267308
3558000,768771,438690,768771,267308
3560000,768771,438690,768771,267308
3562000,768771,438690,768771,267308
3564000,768771,438690,768771,267308
3566000,768771,438690,768771,267308
3568000,768771,438690,768771,267308
3570000,768771,438690,768771,267308
3572000,768771,438690,768771,267308
3574000,768771,438690,768771,267308
3576000,768771,438690,768771,267308
3578000,768771,438690,768771,267308
3580000,768771,438690,768771,267308
3582000,768771,438690,768771,267308
3584000,768771,438690,768771,267308
3586000,768771,438690,768771,267308
3588000,768771,438690,768771,267308
3590000,768771,438690,768771,267308
3592000,768771,438690,768771,267308
3594000,768771,438690,768771,267308
3596000,768771,438690,768771,267308
3598000,768771,438690,768771,267308
3600000,768771,438690,768771,267308
3602000,768771,438690,768771,267308
3604000,768771,438690,768771,267308
3606000,768771,438690,768771,267308
3608000,768771,438690,768771,267308
3610000,768771,438690,768771,267308
3612000,768771,438690,768771,267308
3614000,768771,438690,768771,267308
3616000,768771,438690,768771,267308
3618000,768771,438690,768771,267308
3620000,768771,438690,768771,267308
3622000,768771,438690,768771,267308
3624000,768771,438690,768771,267308
3626000,768771,438690,768771,267308
3628000,768771,438690,768771,267308
3630000,768771,438690,768771,267308
3632000,768771,438690,768771,267308
3634000,768771,438690,768771,267308
3636000,768771,438690,768771,267308
3638000,768771,438690,768771,267308
3640000,768771,438690,768771,267308
3642000,768771,438690,768771,267308
3644000,768771,438690,768771,267308
3646000,768771,438690,768771,267308
3648000,768771,438690,768771,267308
3650000,768771,438690,768771,267308
3652000,768771,438690,768771,267308
3654000,768771,438690,768771,267308
3656000,768771,438690,768771,267308
3658000,768771,438690,768771,267308
3660000,768771,438690,768771,267308
3662000,768771,438690,768771,267308
3664000,768771,438690,768771,267308
3666000,768771,438690,768771,267308
3668000,768771,438690,768771,267308
3670000,768771,438690,768771,267308
3672000,768771,438690,768771,267308
3674000,768771,438690,768771,267308
3676000,768771,438690,768771,267308
3678000,768771,438690,768771,267308
3680000,768771,438690,768771,267308
3682000,768771,438690,768771,267308
3684000,768771,438690,768771,267308
3686000,768771,438690,768771,267308
3688000,768771,438690,768771,267308
3690000,768771,438690,768771,267308
3692000,768771,438690,768771,267308
3694000,768771,438690,768771,267308
3696000,768771,438690,768771,267308
3698000,768771,438690,768771,267308
3700000,768771,438690,768771,267308
3702000,768771,438690,768771,267308
3704000,768771,438690,768771,267308
3706000,768771,438690,768771,267308
3708000,768771,438690,768771,267308
3710000,768771,438690,768771,267308
3712000,768771,438690,768771,267308
3714000,768771,438690,768771,267308
3716000,768771,438690,768771,267308
3718000,768771,438690,768771,267308
3720000,768771,438690,768771,267308
3722000,768771,438690,768771,267308
3724000,768771,438690,768771,267308
3726000,768771,438690,768771,267308
3728000,768771,438690,768771,267308
3730000,768771,438690,768771,267308
3732000,768771,438690,768771,267308
3734000,768771,438690,768771,267308
3736000,768771,438690,768771,267308
3738000,768771,438690,768771,267308
3740000,768771,438690,768771,267308
3742000,768771,438690,768771,267308
3744000,768771,438690,768771,267308
3746000,768771,438690,768771,267308
3748000,768771,438690,768771,267308
3750000,768771,438690,768771,267308
3752000,768771,438690,768771,267308
3754000,768771,438690,768771,267308
3756000,768771,438690,768771,267308
3758000,768771,438690,768771,267308
3760000,768771,438690,768771,267308
3762000,768771,438690,768771,267308
3764000,768771,438690,768771,267308
3766000,768771,438690,768771,267308
3768000,768771,438690,768771,267308
3770000,768771,438690,768771,267308
3772000,768771,438690,768771,267308
3774000,768771,438690,768771,267308
3776000,768771,438690,768771,267308
3778000,768771,438690,768771,267308
3780000,768771,438690,768771,267308
3782000,768771,438690,768771,267308
3784000,768771,438690,768771,267308
3786000,768771,438690,768771,267308
3788000,768771,438690,768771,267308
3790000,768771,438690,768771,267308
3792000,768771,438690,768771,267308
3794000,768771,438690,768771,267308
3796000,768771,438690,768771,267308
3798000,768771,438690,768771,267308
3800000,768771,438690,768771,267308
3802000,768771,438690,768771,267308
3804000,768771,438690,768771,267308
3806000,768771,438690,768771,267308
3808000,768771,438690,768771,267308
3810000,768771,438690,768771,267308
3812000,768771,438690,768771,267308
3814000,768771,438690,768771,267308
3816000,768771,438690,768771,267308
3818000,768771,438690,768771,267308
3820000,768771,438690,768771,267308
3822000,768771,438690,768771,267308
3824000,768771,438690,768771,267308
3826000,768771,438690,768771,267308
3828000,768771,438690,768771,267308
3830000,768771,438690,768771,267308
3832000,768771,438690,768771,267308
3834000,768771,438690,768771,267308
3836000,768771,438690,768771,267308
3838000,768771,438690,768771,267308
3840000,768771,438690,768771,267308
3842000,768771,438690,768771,267308
3844000,768771,438690,768771,267308
3846000,768771,438690,768771,267308
3848000,768771,438690,768771,267308
3850000,768771,438690,768771,267308
3852000,768771,438690,768771,267308
3854000,768771,438690,768771,267308
3856000,768771,438690,768771,267308
3858000,768771,438690,768771,267308
3860000,768771,438690,768771,267308
3862000,768771,438690,768771,267308
3864000,768771,438690,768771,267308
3866000,768771,438690,768771,267308
3868000,768771,438690,768771,267308
3870000,768771,438690,768771,267308
3872000,768771,438690,768771,267308
3874000,768771,438690,768771,267308
3876000,768771,438690,768771,267308
3878000,768771,438690,768771,267308
3880000,768771,438690,768771,267308
3882000,768771,438690,768771,267308
3884000,768771,438690,768771,267308
3886000,768771,438690,768771,267308
3888000,768771,438690,768771,267308
3890000,768771,438690,768771,267308
3892000,768771,438690,768771,267308
3894000,768771,438690,768771,267308
3896000,768771,438690,768771,267308
3898000,768771,438690,768771,267308
3900000,768771,438690,768771,267308
3902000,768771,438690,768771,267308
3904000,768771,438690,768771,267308
3906000,768771,438690,768771,267308
3908000,768771,438690,768771,267308
3910000,768771,438690,768771,267308
3912000,768771,438690,768771,267308
3914000,768771,438690,768771,267308
3916000,768771,438690,768771,267308
3918000,768771,438690,768771,267308
3920000,768771,438690,768771,267308
3922000,768771,438690,768771,267308
3924000,768771,438690,768771,267308
3926000,768771,438690,768771,267308
3928000,768771,438690,768771,267308
3930000,768771,438690,768771,267308
3932000,768771,438690,768771,267308
3934000,768771,438690,768771,267308
3936000,768771,438690,768771,267308
3938000,768771,438690,768771,267308
3940000,768771,438690,768771,267308
3942000,768771,438690,768771,267308
3944000,768771,438690,768771,267308
3946000,768771,438690,768771,267308
3948000,768771,438690,768771,267308
3950000,768771,438690,768771,267308
3952000,768771,438690,768771,267308
3954000,768771,438690,768771,267308
3956000,768771,438690,768771,267308
3958000,768771,438690,768771,267308
3960000,768771,438690,768771,267308
3962000,768771,438690,768771,267308
3964000,768771,438690,768771,267308
3966000,768771,438690,768771,267308
3968000,768771,438690,768771,267308
3970000,768771,438690,768771,267308
3972000,768771,438690,768771,267308
3974000,768771,438690,768771,267308
3976000,768771,438690,768771,267308
3978000,768771,438690,768771,267308
3980000,768771,438690,768771,267308
3982000,768771,438690,768771,267308
3984000,768771,438690,768771,267308
3986000,768771,438690,768771,267308
3988000,768771,438690,768771,267308
3990000,768771,438690,768771,267308
3992000,768771,438690,768771,267308
3994000,768771,438690,768771,267308
3996000,768771,438690,768771,267308
3998000,768771,438690,768771,267308
4000000,768771,438690,768771,267308
4002000,768771,438690,768771,267308
4004000,768771,438690,768771,267308
4006000,768771,438690,768771,267308
4008000,768771,438690,768771,267308
4010000,768771,438690,768771,267308
4012000,768771,438690,768771,267308
4014000,768771,438690,768771,267308
4016000,768771,438690,768771,267308
4018000,768771,438690,768771,267308
4020000,768771,438690,768771,267308
4022000,768771,438690,768771,267308
4024000,768771,438690,768771,267308
4026000,768771,438690,768771,267308
4028000,768771,438690,768771,267308
4030000,768771,438690,768771,267308
4032000,768771,438690,768771,267308
4034000,768771,438690,768771,267308
4036000,768771,438690,768771,267308
4038000,768771,438690,768771,267308
4040000,768771,438690,768771,267308
4042000,768771,438690,768771,267308
4044000,768771,438690,768771,267308
4046000,768771,438690,768771,267308
4048000,768771,438690,768771,267308
4050000,768771,438690,768771,267308
4052000,768771,438690,768771,267308
4054000,768771,438690,768771,267308
4056000,768771,438690,768771,267308
4058000,768771,438690,768771,267308
4060000,768771,438690,768771,267308
4062000,768771,438690,768771,267308
4064000,768771,438690,768771,267308
4066000,768771,438690,768771,267308
4068000,768771,438690,768771,267308
4070000,768771,438690,768771,267308
4072000,768771,438690,768771,267308
4074000,768771,438690,768771,267308
4076000,768771,438690,768771,267308
4078000,768771,438690,768771,267308
4080000,768771,438690,768771,267308
4082000,768771,438690,768771,267308
4084000,768771,438690,768771,267308
4086000,768771,438690,768771,267308
4088000,768771,438690,768771,267308
4090000,768771,438690,768771,267308
4092000,768771,438690,768771,267308
4094000,768771,438690,768771,267308
4096000,768771,438690,768771,267308
4098000,768771,438690,768771,267308
4100000,768771,438690,768771,267308
4102000,768771,438690,768771,267308
4104000,768771,438690,768771,267308
4106000,768771,438690,768771,267308
4108000,768771,438690,768771,267308
4110000,768771,438690,768771,267308
4112000,768771,438690,768771,267308
4114000,768771,438690,768771,267308
4116000,768771,438690,768771,267308
4118000,768771,438690,768771,267308
4120000,768771,438690,768771,267308
4122000,768771,438690,768771,267308
4124000,768771,438690,768771,267308
4126000,768771,438690,768771,267308
4128000,768771,438690,768771,267308
4130000,768771,438690,768771,267308
4132000,768771,438690,768771,267308
4134000,768771,438690,768771,267308
4136000,768771,438690,768771,267308
4138000,768771,438690,768771,267308
4140000,768771,438690,768771,267308
4142000,768771,438690,768771,267308
4144000,768771,438690,768771,267308
4146000,768771,438690,768771,267308
4148000,768771,438690,768771,267308
4150000,768771,438690,768771,267308
4152000,768771,438690,768771,267308
4154000,768771,438690,768771,267308
4156000,768771,438690,768771,267308
4158000,768771,438690,768771,267308
4160000,768771,438690,768771,267308
4162000,768771,438690,768771,267308
4164000,768771,438690,768771,267308
4166000,768771,438690,768771,267308
4168000,768771,438690,768771,267308
4170000,768771,438690,768771,267308
4172000,768771,438690,768771,267308
4174000,768771,438690,768771,267308
4176000,768771,438690,768771,267308
4178000,768771,438690,768771,267308
4180000,768771,438690,768771,267308
4182000,768771,438690,768771,267308
4184000,768771,438690,768771,267308
4186000,768771,438690,768771,267308
4188000,768771,438690,768771,267308
4190000,768771,438690,768771,267308
4192000,768771,438690,768771,267308
4194000,768771,438690,768771,267308
4196000,768771,438690,768771,267308
4198000,768771,438690,768771,267308
4200000,768771,438690,768771,267308
4202000,768771,438690,768771,267308
4204000,768771,438690,768771,267308
4206000,768771,438690,768771,267308
4208000,768771,438690,768771,267308
4210000,768771,438690,768771,267308
4212000,768771,438690,768771,267308
4214000,768771,438690,768771,267308
4216000,768771,438690,768771,267308
4218000,768771,438690,768771,267308
4220000,768771,438690,768771,267308
4222000,768771,438690,768771,267308
4224000,768771,438690,768771,267308
4226000,768771,438690,768771,267308
4228000,768771,438690,768771,267308
4230000,768771,438690,768771,267308
4232000,768771,438690,768771,267308
4234000,768771,438690,768771,267308
4236000,768771,438690,768771,267308
4238000,768771,438690,768771,267308
4240000,768771,438690,768771,267308
4242000,768771,438690,768771,267308
4244000,768771,438690,768771,267308
4246000,768771,438690,768771,267308
4248000,768771,438690,768771,267308
4250000,768771,438690,768771,267308
4252000,768771,438690,768771,267308
4254000,768771,438690,768771,267308
4256000,768771,438690,768771,267308
4258000,768771,438690,768771,267308
4260000,768771,438690,768771,267308
4262000,768771,438690,768771,267308
4264000,768771,438690,768771,267308
4266000,768771,438690,768771,267308
4268000,768771,438690,768771,267308
4270000,768771,438690,768771,267308
4272000,768771,438690,768771,267308
4274000,768771,438690,768771,267308
4276000,768771,438690,768771,267308
4278000,768771,438690,768771,267308
4280000,768771,438690,768771,267308
4282000,768771,438690,768771,267308
4284000,768771,438690,768771,267308
4286000,768771,438690,768771,267308
4288000,768771,438690,768771,267308
4290000,768771,438690,768771,267308
4292000,768771,438690,768771,267308
4294000,768771,438690,768771,267308
4296000,768771,438690,768771,267308
4298000,768771,438690,768771,267308
4300000,768771,438690,768771,267308
4302000,768771,438690,768771,267308
4304000,768771,438690,768771,267308
4306000,768771,438690,768771,267308
4308000,768771,438690,768771,267308
4310000,768771,438690,768771,267308
4312000,768771,438690,768771,267308
4314000,768771,438690,768771,267308
4316000,768771,438690,768771,267308
4318000,768771,438690,768771,267308
4320000,768771,438690,768771,267308
4322000,768771,438690,768771,267308
4324000,768771,438690,768771,267308
4326000,768771,438690,768771,267308
4328000,768771,438690,768771,267308
4330000,768771,438690,768771,267308
4332000,768771,438690,768771,267308
4334000,768771,438690,768771,267308
4336000,768771,438690,768771,267308
4338000,768771,438690,768771,267308
4340000,768771,438690,768771,267308
4342000,768771,438690,768771,267308
4344000,768771,438690,768771,267308
4346000,768771,438690,768771,267308
4348000,768771,438690,768771,267308
4350000,768771,438690,768771,267308
4352000,768771,438690,768771,267308
4354000,768771,438690,768771,267308
4356000,768771,438690,768771,267308
4358000,768771,438690,768771,267308
4360000,768771,438690,768771,267308
4362000,768771,438690,768771,267308
4364000,768771,438690,768771,267308
4366000,768771,438690,768771,267308
4368000,768771,438690,768771,267308
4370000,768771,438690,768771,267308
4372000,768771,438690,768771,267308
4374000,768771,438690,768771,267308
4376000,768771,438690,768771,267308
4378000,768771,438690,768771,267308
4380000,768771,438690,768771,267308
4382000,768771,438690,768771,267308
4384000,768771,438690,768771,267308
4386000,768771,438690,768771,267308
4388000,768771,438690,768771,267308
4390000,768771,438690,768771,267308
4392000,768771,438690,768771,267308
4394000,768771,438690,768771,267308
4396000,768771,438690,768771,267308
4398000,768771,438690,768771,267308
4400000,768771,438690,768771,267308
4402000,768771,438690,768771,267308
4404000,768771,438690,768771,267308
4406000,768771,438690,768771,267308
4408000,768771,438690,768771,267308
4410000,768771,438690,768771,267308
4412000,768771,438690,768771,267308
4414000,768771,438690,768771,267308
4416000,768771,438690,768771,267308
4418000,768771,438690,768771,267308
4420000,768771,438690,768771,267308
4422000,768771,438690,768771,267308
4424000,768771,438690,768771,267308
4426000,768771,438690,768771,267308
4428000,768771,438690,768771,267308
4430000,768771,438690,768771,267308
4432000,768771,438690,768771,267308
4434000,768771,438690,768771,267308
4436000,768771,438690,768771,267308
4438000,768771,438690,768771,267308
4440000,768771,438690,768771,267308
4442000,768771,438690,768771,267308
4444000,768771,438690,768771,267308
4446000,768771,438690,768771,267308
4448000,768771,438690,768771,267308
4450000,768771,438690,768771,267308
4452000,768771,438690,768771,267308
4454000,768771,438690,768771,267308
4456000,768771,438690,768771,267308
4458000,768771,438690,768771,267308
4460000,768771,438690,768771,267308
4462000,768771,438690,768771,267308
4464000,768771,438690,768771,267308
4466000,768771,438690,768771,267308
4468000,768771,438690,768771,267308
4470000,768771,438690,768771,267308
4472000,768771,438690,768771,267308
4474000,768771,438690,768771,267308
4476000,768771,438690,768771,267308
4478000,768771,438690,768771,267308
4480000,768771,438690,768771,267308
4482000,768771,438690,768771,267308
4484000,768771,438690,768771,267308
4486000,768771,438690,768771,267308
4488000,768771,438690,768771,267308
4490000,768771,438690,768771,267308
4492000,768771,438690,768771,267308
4494000,768771,438690,768771,267308
4496000,768771,438690,768771,267308
4498000,768771,438690,768771,267308
4500000,768771,438690,768771,267308
4502000,768771,438690,768771,267308
4504000,768771,438690,768771,267308
4506000,768771,438690,768771,267308
4508000,768771,438690,768771,267308
4510000,768771,438690,768771,267308
4512000,768771,438690,768771,267308
4514000,768771,438690,768771,267308
4516000,768771,438690,768771,267308
4518000,768771,438690,768771,267308
4520000,768771,438690,768771,267308
4522000,768771,438690,768771,267308
4524000,768771,438690,768771,267308
4526000,768771,438690,768771,267308
4528000,768771,438690,768771,267308
4530000,768771,438690,768771,267308
4532000,768771,438690,768771,267308
4534000,768771,438690,768771,267308
4536000,768771,438690,768771,267308
4538000,768771,438690,768771,267308
4540000,768771,438690,768771,267308
4542000,768771,438690,768771,267308
4544000,768771,438690,768771,267308
4546000,768771,438690,768771,267308
4548000,768771,438690,768771,267308
4550000,768771,438690,768771,267308
4552000,768771,438690,768771,267308
4554000,768771,438690,768771,267308
4556000,768771,438690,768771,267308
4558000,768771,438690,768771,267308
4560000,768771,438690,768771,267308
4562000,768771,438690,768771,267308
4564000,768771,438690,768771,267308
4566000,768771,438690,768771,267308
4568000,768771,438690,768771,267308
4570000,768771,438690,768771,267308
4572000,768771,438690,768771,267308
4574000,768771,438690,768771,267308
4576000,768771,438690,768771,267308
4578000,768771,438690,768771,267308
4580000,768771,438690,768771,267308
4582000,768771,438690,768771,267308
4584000,768771,438690,768771,267308
4586000,768771,438690,768771,267308
4588000,768771,438690,768771,267308
4590000,768771,438690,768771,267308
4592000,768771,438690,768771,267308
4594000,768771,438690,768771,267308
4596000,768771,438690,768771,267308
4598000,768771,438690,768771,267308
4600000,768771,438690,768771,267308
4602000,768771,438690,768771,267308
4604000,768771,438690,768771,267308
4606000,768771,438690,768771,267308
4608000,768771,438690,768771,267308
4610000,768771,438690,768771,267308
4612000,768771,438690,768771,267308
4614000,768771,438690,768771,267308
4616000,768771,438690,768771,267308
4618000,768771,438690,768771,267308
4620000,768771,438690,768771,267308
4622000,768771,438690,768771,267308
4624000,768771,438690,768771,267308
4626000,768771,438690,768771,267308
4628000,768771,438690,768771,267308
4630000,768771,438690,768771,267308
4632000,768771,438690,768771,267308
4634000,768771,438690,768771,267308
4636000,768771,438690,768771,267308
4638000,768771,438690,768771,267308
4640000,768771,438690,768771,267308
4642000,768771,438690,768771,267308
4644000,768771,438690,768771,267308
4646000,768771,438690,768771,267308
4648000,768771,438690,768771,267308
4650000,768771,438690,768771,267308
4652000,768771,438690,768771,267308
4654000,768771,438690,768771,267308
4656000,768771,438690,768771,267308
4658000,768771,438690,768771,267308
4660000,768771,438690,768771,267308
4662000,768771,438690,768771,267308
4664000,768771,438690,768771,267308
4666000,768771,438690,768771,267308
4668000,768771,438690,768771,267308
4670000,768771,438690,768771,267308
4672000,768771,438690,768771,267308
4674000,768771,438690,768771,267308
4676000,768771,438690,768771,267308
4678000,768771,438690,768771,267308
4680000,768771,438690,768771,267308
4682000,768771,438690,768771,267308
4684000,768771,438690,768771,267308
4686000,768771,438690,768771,267308
4688000,768771,438690,768771,267308
4690000,768771,438690,768771,267308
4692000,768771,438690,768771,267308
4694000,768771,438690,768771,267308
4696000,768771,438690,768771,267308
4698000,768771,438690,768771,267308
4700000,768771,438690,768771,267308
4702000,768771,438690,768771,267308
4704000,768771,438690,768771,267308
4706000,768771,438690,768771,267308
4708000,768771,438690,768771,267308
4710000,768771,438690,768771,267308
4712000,768771,438690,768771,267308
4714000,768771,438690,768771,267308
4716000,768771,438690,768771,267308
4718000,768771,438690,768771,267308
4720000,768771,438690,768771,267308
4722000,768771,438690,768771,267308
4724000,768771,438690,768771,267308
4726000,768771,438690,768771,267308
4728000,768771,438690,768771,267308
4730000,768771,438690,768771,267308
4732000,768771,438690,768771,267308
4734000,768771,438690,768771,267308
4736000,768771,438690,768771,267308
4738000,768771,438690,768771,267308
4740000,768771,438690,768771,267308
4742000,768771,438690,768771,267308
4744000,768771,438690,768771,267308
4746000,768771,438690,768771,267308
4748000,768771,438690,768771,267308
4750000,768771,438690,768771,267308
4752000,768771,438690,768771,267308
4754000,768771,438690,768771,267308
4756000,768771,438690,768771,267308
4758000,768771,438690,768771,267308
4760000,768771,438690,768771,267308
4762000,768771,438690,768771,267308
4764000,768771,438690,768771,267308
4766000,768771,438690,768771,267308
4768000,768771,438690,768771,267308
4770000,768771,438690,768771,267308
4772000,768771,438690,768771,267308
4774000,768771,438690,768771,267308
4776000,768771,438690,768771,267308
4778000,768771,438690,768771,267308
4780000,768771,438690,768771,267308
4782000,768771,438690,768771,267308
4784000,768771,438690,768771,267308
4786000,768771,438690,768771,267308
4788000,768771,438690,768771,267308
4790000,768771,438690,768771,267308
4792000,768771,438690,768771,267308
4794000,768771,438690,768771,267308
4796000,768771,438690,768771,267308
4798000,768771,438690,768771,267308
4800000,768771,438690,768771,267308
4802000,768771,438690,768771,267308
4804000,768771,438690,768771,267308
4806000,768771,438690,768771,267308
4808000,768771,438690,768771,267308
4810000,768771,438690,768771,267308
4812000,768771,438690,768771,267308
4814000,768771,438690,768771,267308
4816000,768771,438690,768771,267308
4818000,768771,438690,768771,267308
4820000,768771,438690,768771,267308
4822000,768771,438690,768771,267308
4824000,768771,438690,768771,267308
4826000,768771,438690,768771,267308
4828000,768771,438690,768771,267308
4830000,768771,438690,768771,267308
4832000,768771,438690,768771,267308
4834000,768771,438690,768771,267308
4836000,768771,438690,768771,267308
4838000,768771,438690,768771,267308
4840000,768771,438690,768771,267308
4842000,768771,438690,768771,267308
4844000,768771,438690,768771,267308
4846000,768771,438690,768771,267308
4848000,768771,438690,768771,267308
4850000,768771,438690,768771,267308
4852000,768771,438690,768771,267308
4854000,768771,438690,768771,267308
4856000,768771,438690,768771,267308
4858000,768771,438690,768771,267308
4860000,768771,438690,768771,267308
4862000,768771,438690,768771,267308
4864000,768771,438690,768771,267308
4866000,768771,438690,768771,267308
4868000,768771,438690,768771,267308
4870000,768771,438690,768771,267308
4872000,768771,438690,768771,267308
4874000,768771,438690,768771,267308
4876000,768771,438690,768771,267308
4878000,768771,438690,768771,267308
4880000,768771,438690,768771,267308
4882000,768771,438690,768771,267308
4884000,768771,438690,768771,267308
4886000,768771,438690,768771,267308
4888000,768771,438690,768771,267308
4890000,768771,438690,768771,267308
4892000,768771,438690,768771,267308
4894000,768771,438690,768771,267308
4896000,768771,438690,768771,267308
4898000,768771,438690,768771,267308
4900000,768771,438690,768771,267308
4902000,768771,438690,768771,267308
4904000,768771,438690,768771,267308
4906000,768771,438690,768771,267308
4908000,768771,438690,768771,267308
4910000,768771,438690,768771,267308
4912000,768771,438690,768771,267308
4914000,768771,438690,768771,267308
4916000,768771,438690,768771,267308
4918000,768771,438690,768771,267308
4920000,768771,438690,768771,267308
4922000,768771,438690,768771,267308
4924000,768771,438690,768771,267308
4926000,768771,438690,768771,267308
4928000,768771,438690,768771,267308
4930000,768771,438690,768771,267308
4932000,768771,438690,768771,267308
4934000,768771,438690,768771,267308
4936000,768771,438690,768771,267308
4938000,768771,438690,768771,267308
4940000,768771,438690,768771,267308
4942000,768771,438690,768771,267308
4944000,768771,438690,768771,267308
4946000,768771,438690,768771,267308
4948000,768771,438690,768771,267308
4950000,768771,438690,768771,267308
4952000,768771,438690,768771,267308
4954000,768771,438690,768771,267308
4956000,768771,438690,768771,267308
4958000,768771,438690,768771,267308
4960000,768771,438690,768771,267308
4962000,768771,438690,768771,267308
4964000,768771,438690,768771,267308
4966000,768771,438690,768771,267308
4968000,768771,438690,768771,267308
4970000,768771,438690,768771,267308
4972000,768771,438690,768771,267308
4974000,768771,438690,768771,267308
4976000,768771,438690,768771,267308
4978000,768771,438690,768771,267308
4980000,768771,438690,768771,267308
4982000,768771,438690,768771,267308
4984000,768771,438690,768771,267308
4986000,768771,438690,768771,267308
4988000,768771,438690,768771,267308
4990000,768771,438690,768771,267308
4992000,768771,438690,768771,267308
4994000,768771,438690,768771,267308
4996000,768771,438690,768771,267308
4998000,768771,438690,768771,267308
